{
  "advancedEditorSelectedIdentifier" : "ProjectBrowser",
  "openSceneRelativePaths" : [
    "Immersive.usda"
  ],
  "recentIdentifiers" : {
    "AF09ED6F-1707-48FD-8720-65B998362C09" : [

    ]
  },
  "sceneCameraHistory" : {
    "AF09ED6F-1707-48FD-8720-65B998362C09" : [
      {
        "date" : 729287488.624847,
        "title" : "Untitled",
        "transform" : [
          0.05095385,
          -5.0537063e-10,
          -0.99870104,
          0,
          -0.1907746,
          0.9815856,
          -0.009733327,
          0,
          0.9803106,
          0.19102272,
          0.050015565,
          0,
          1.1933234,
          0.36379403,
          0.14242059,
          1
        ]
      },
      {
        "date" : 729287454.528881,
        "title" : "Untitled",
        "transform" : [
          0.9999685,
          -9.638059e-10,
          -0.007932603,
          0,
          -0.0028261119,
          0.9343858,
          -0.35625175,
          0,
          0.0074121132,
          0.35626295,
          0.93435633,
          0,
          -0.07187264,
          0.5710957,
          1.2052536,
          1
        ]
      },
      {
        "date" : 729287447.955877,
        "title" : "Untitled",
        "transform" : [
          0.5071932,
          -1.1066819e-09,
          -0.8618324,
          0,
          -0.14600311,
          0.9855457,
          -0.085923634,
          0,
          0.8493751,
          0.16941008,
          0.49986205,
          0,
          0.9892332,
          0.33748293,
          0.6766554,
          1
        ]
      },
      {
        "date" : 729287406.754124,
        "title" : "Untitled",
        "transform" : [
          -0.069495566,
          -2.1096713e-09,
          -0.99758226,
          0,
          -0.13949722,
          0.99017483,
          0.009717939,
          0,
          0.98778075,
          0.13983531,
          -0.068812765,
          0,
          1.1931292,
          0.30176517,
          -0.0014894962,
          1
        ]
      },
      {
        "date" : 729287297.49555,
        "title" : "Untitled",
        "transform" : [
          0.061130382,
          -2.0585333e-09,
          -0.99812967,
          0,
          -0.112490386,
          0.993629,
          -0.0068894625,
          0,
          0.9917705,
          0.11270114,
          0.060740914,
          0,
          1.1772878,
          0.26928264,
          0.1536868,
          1
        ]
      },
      {
        "date" : 729287293.033085,
        "title" : "Untitled",
        "transform" : [
          -0.05392504,
          -1.5428333e-09,
          -0.99854493,
          0,
          0.080708325,
          0.9967282,
          -0.0043585384,
          0,
          0.99527794,
          -0.08082593,
          -0.053748615,
          0,
          1.2167943,
          0.03605623,
          0.015838703,
          1
        ]
      },
      {
        "date" : 729287284.59362,
        "title" : "Untitled",
        "transform" : [
          -0.06714669,
          -1.5833219e-09,
          -0.99774307,
          0,
          0.02229372,
          0.9997503,
          -0.0015003327,
          0,
          0.997494,
          -0.022344152,
          -0.06712993,
          0,
          1.2127146,
          0.107065484,
          1.5840609e-06,
          1
        ]
      },
      {
        "date" : 729287268.724825,
        "title" : "Untitled",
        "transform" : [
          -0.16770151,
          -9.66098e-10,
          -0.9858378,
          0,
          -0.24462523,
          0.96872425,
          0.04161336,
          0,
          0.95500505,
          0.24813943,
          -0.16245653,
          0,
          1.1338196,
          0.42945594,
          -0.11027362,
          1
        ]
      },
      {
        "date" : 729287053.645556,
        "title" : "Untitled",
        "transform" : [
          -0.06199402,
          5.729756e-10,
          -0.9980765,
          0,
          -0.103353105,
          0.99462396,
          0.006419623,
          0,
          0.9927108,
          0.10355229,
          -0.061660737,
          0,
          1.1896745,
          0.25837076,
          0.007693496,
          1
        ]
      },
      {
        "date" : 729287049.287683,
        "title" : "Untitled",
        "transform" : [
          -0.18994635,
          -1.2052692e-10,
          -0.98179454,
          0,
          0.06998887,
          0.99745584,
          -0.013540644,
          0,
          0.97929674,
          -0.07128669,
          -0.18946311,
          0,
          1.1896745,
          0.25837076,
          0.007693496,
          1
        ]
      }
    ]
  },
  "selectedSceneRelativePath" : "Immersive.usda"
}