{
  "advancedEditorSelectedIdentifier" : "ProjectBrowser",
  "openSceneRelativePaths" : [
    "Immersive.usda"
  ],
  "recentIdentifiers" : {
    "AF09ED6F-1707-48FD-8720-65B998362C09" : [

    ]
  },
  "sceneCameraHistory" : {
    "AF09ED6F-1707-48FD-8720-65B998362C09" : [
      {
        "date" : 729298628.779785,
        "title" : "Untitled",
        "transform" : [
          0.8536673,
          -1.321137e-08,
          0.52081877,
          0,
          0.43441546,
          0.5516118,
          -0.7120448,
          0,
          -0.28728974,
          0.834101,
          0.47089294,
          0,
          -0.863886,
          1.9732491,
          1.19886,
          1
        ]
      },
      {
        "date" : 729298613.221729,
        "title" : "Untitled",
        "transform" : [
          0.9927276,
          -0.000114217364,
          0.12038291,
          0,
          0.09439669,
          0.6213267,
          -0.7778447,
          0,
          -0.074708275,
          0.7835517,
          0.6168189,
          0,
          -0.8323822,
          1.6428336,
          0.9387552,
          1
        ]
      },
      {
        "date" : 729298599.3725,
        "title" : "Untitled",
        "transform" : [
          0.16377209,
          -0.000114220435,
          0.98649824,
          0,
          0.47450072,
          0.87673247,
          -0.07867204,
          0,
          -0.864886,
          0.4809784,
          0.14363848,
          0,
          -1.7111511,
          1.1666741,
          -0.18697207,
          1
        ]
      },
      {
        "date" : 729298542.438445,
        "title" : "Untitled",
        "transform" : [
          0.044420138,
          -0.00011422101,
          0.999013,
          0,
          0.532015,
          0.8464071,
          -0.023558747,
          0,
          -0.84556895,
          0.5325364,
          0.03765825,
          0,
          -1.6363416,
          1.2468821,
          -0.35653707,
          1
        ]
      },
      {
        "date" : 729296341.282735,
        "title" : "Untitled",
        "transform" : [
          0.044420138,
          -0.00011422101,
          0.999013,
          0,
          0.532015,
          0.8464071,
          -0.023558747,
          0,
          -0.84556895,
          0.5325364,
          0.03765825,
          0,
          -2.5234957,
          1.742712,
          -0.5932304,
          1
        ]
      },
      {
        "date" : 729296312.847562,
        "title" : "Untitled",
        "transform" : [
          -0.42217302,
          -0.00011422049,
          0.9065153,
          0,
          0.14304538,
          0.9874632,
          0.06674206,
          0,
          -0.895158,
          0.15784948,
          -0.41686398,
          0,
          -2.280209,
          0.78214276,
          -1.6850388,
          1
        ]
      },
      {
        "date" : 729295975.534501,
        "title" : "Untitled",
        "transform" : [
          -0.42217302,
          -0.00011422049,
          0.9065153,
          0,
          0.14304538,
          0.9874632,
          0.06674206,
          0,
          -0.895158,
          0.15784948,
          -0.41686398,
          0,
          -1.542318,
          0.6770071,
          -1.0571377,
          1
        ]
      },
      {
        "date" : 729294687.618911,
        "title" : "Untitled",
        "transform" : [
          -0.4250342,
          -0.00011422049,
          0.90517735,
          0,
          0.14283386,
          0.9874632,
          0.067193545,
          0,
          -0.89383686,
          0.15784948,
          -0.41968933,
          0,
          -1.571363,
          0.6816346,
          -1.0887954,
          1
        ]
      },
      {
        "date" : 729289992.841535,
        "title" : "Untitled",
        "transform" : [
          -0.4250342,
          -0.00011422049,
          0.90517735,
          0,
          0.14283386,
          0.9874632,
          0.067193545,
          0,
          -0.89383686,
          0.15784948,
          -0.41968933,
          0,
          -4.502988,
          1.9533312,
          -3.1201146,
          1
        ]
      },
      {
        "date" : 729289267.385912,
        "title" : "Untitled",
        "transform" : [
          -0.39310536,
          -0.00011421258,
          -0.9194935,
          0,
          -0.3727502,
          0.9141652,
          0.15924601,
          0,
          0.8405507,
          0.40534177,
          -0.35940576,
          0,
          4.32631,
          3.2181485,
          -0.8493027,
          1
        ]
      }
    ]
  },
  "selectedSceneRelativePath" : "Immersive.usda"
}